Date: 2018-12-04 09:46:13.378000. Έναρξη ελέγχου συγχρονισμού 2018-12-04 09:46:13.378000
Date: 2018-12-04 09:50:45.638000. Το προϊόν με κωδικό z0011944 δεν υπάρχει στο αρχείο excel
Date: 2018-12-04 09:50:45.967000. Το προϊόν με κωδικό z0011945 δεν υπάρχει στο αρχείο excel
Date: 2018-12-04 09:50:50.551000. Όλα τα δεδομένα ελέγχθηκαν με επιτυχία
